WEDGE
59.4137,0.670798
64.4447,3.18629
3.35399
ENTER
WEDGE
62.2888,3.18629
59.4137,5.70179
1.43719
ENTER
WEDGE
62.2888,3.18629
64.4447,5.70179
1.43719
ENTER
BOX
59.3466,0.670798
59.4137,3.18629
3.35399
WEDGE
59.4137,5.70179
64.4447,8.21728
3.35399
ENTER
WEDGE
62.2888,8.21728
59.4137,10.7328
1.43719
ENTER
WEDGE
62.2888,8.21728
64.4447,10.7328
1.43719
ENTER
BOX
59.3466,5.70179
59.4137,8.21728
3.35399
WEDGE
59.4137,10.7328
64.4447,13.2483
3.35399
ENTER
WEDGE
62.2888,13.2483
59.4137,15.7638
1.43719
ENTER
WEDGE
62.2888,13.2483
64.4447,15.7638
1.43719
ENTER
BOX
59.3466,10.7328
59.4137,13.2483
3.35399
WEDGE
59.4137,15.7638
64.4447,18.2793
3.35399
ENTER
WEDGE
62.2888,18.2793
59.4137,20.7948
1.43719
ENTER
WEDGE
62.2888,18.2793
64.4447,20.7948
1.43719
ENTER
BOX
59.3466,15.7638
59.4137,18.2793
3.35399
WEDGE
59.4137,20.7948
64.4447,23.3102
3.35399
ENTER
WEDGE
62.2888,23.3102
59.4137,25.8257
1.43719
ENTER
WEDGE
62.2888,23.3102
64.4447,25.8257
1.43719
ENTER
BOX
59.3466,20.7948
59.4137,23.3102
3.35399
WEDGE
59.4137,25.8257
64.4447,28.3412
3.35399
ENTER
WEDGE
62.2888,28.3412
59.4137,30.8567
1.43719
ENTER
WEDGE
62.2888,28.3412
64.4447,30.8567
1.43719
ENTER
BOX
59.3466,25.8257
59.4137,28.3412
3.35399
WEDGE
59.4137,30.8567
64.4447,33.3722
3.35399
ENTER
WEDGE
62.2888,33.3722
59.4137,35.8877
1.43719
ENTER
WEDGE
62.2888,33.3722
64.4447,35.8877
1.43719
ENTER
BOX
59.3466,30.8567
59.4137,33.3722
3.35399
WEDGE
59.4137,35.8877
64.4447,38.4032
3.35399
ENTER
WEDGE
62.2888,38.4032
59.4137,40.9187
1.43719
ENTER
WEDGE
62.2888,38.4032
64.4447,40.9187
1.43719
ENTER
BOX
59.3466,35.8877
59.4137,38.4032
3.35399
WEDGE
59.4137,40.9187
64.4447,43.4342
3.35399
ENTER
WEDGE
62.2888,43.4342
59.4137,45.9497
1.43719
ENTER
WEDGE
62.2888,43.4342
64.4447,45.9497
1.43719
ENTER
BOX
59.3466,40.9187
59.4137,43.4342
3.35399
WEDGE
59.4137,45.9497
64.4447,48.4652
3.35399
ENTER
WEDGE
62.2888,48.4652
59.4137,50.9807
1.43719
ENTER
WEDGE
62.2888,48.4652
64.4447,50.9807
1.43719
ENTER
BOX
59.3466,45.9497
59.4137,48.4652
3.35399
WEDGE
59.4137,50.9807
64.4447,53.4962
3.35399
ENTER
WEDGE
62.2888,53.4962
59.4137,56.0117
1.43719
ENTER
WEDGE
62.2888,53.4962
64.4447,56.0117
1.43719
ENTER
BOX
59.3466,50.9807
59.4137,53.4962
3.35399
WEDGE
59.4137,56.0117
64.4447,58.5272
3.35399
ENTER
WEDGE
62.2888,58.5272
59.4137,61.0427
1.43719
ENTER
WEDGE
62.2888,58.5272
64.4447,61.0427
1.43719
ENTER
BOX
59.3466,56.0117
59.4137,58.5272
3.35399
WEDGE
59.4137,61.0427
64.4447,63.5582
3.35399
ENTER
WEDGE
62.2888,63.5582
59.4137,66.0736
1.43719
ENTER
WEDGE
62.2888,63.5582
64.4447,66.0736
1.43719
ENTER
BOX
59.3466,61.0427
59.4137,63.5582
3.35399
WEDGE
59.4137,66.0736
64.4447,68.5891
3.35399
ENTER
WEDGE
62.2888,68.5891
59.4137,71.1046
1.43719
ENTER
WEDGE
62.2888,68.5891
64.4447,71.1046
1.43719
ENTER
BOX
59.3466,66.0736
59.4137,68.5891
3.35399
WEDGE
59.4137,71.1046
64.4447,73.6201
3.35399
ENTER
WEDGE
62.2888,73.6201
59.4137,76.1356
1.43719
ENTER
WEDGE
62.2888,73.6201
64.4447,76.1356
1.43719
ENTER
BOX
59.3466,71.1046
59.4137,73.6201
3.35399
WEDGE
59.4137,76.1356
64.4447,78.6511
3.35399
ENTER
WEDGE
62.2888,78.6511
59.4137,81.1666
1.43719
ENTER
WEDGE
62.2888,78.6511
64.4447,81.1666
1.43719
ENTER
BOX
59.3466,76.1356
59.4137,78.6511
3.35399
WEDGE
59.4137,81.1666
64.4447,83.6821
3.35399
ENTER
WEDGE
62.2888,83.6821
59.4137,86.1976
1.43719
ENTER
WEDGE
62.2888,83.6821
64.4447,86.1976
1.43719
ENTER
BOX
59.3466,81.1666
59.4137,83.6821
3.35399
WEDGE
59.4137,86.1976
64.4447,88.7131
3.35399
ENTER
WEDGE
62.2888,88.7131
59.4137,91.2286
1.43719
ENTER
WEDGE
62.2888,88.7131
64.4447,91.2286
1.43719
ENTER
BOX
59.3466,86.1976
59.4137,88.7131
3.35399
WEDGE
59.4137,91.2286
64.4447,93.7441
3.35399
ENTER
WEDGE
62.2888,93.7441
59.4137,96.2596
1.43719
ENTER
WEDGE
62.2888,93.7441
64.4447,96.2596
1.43719
ENTER
BOX
59.3466,91.2286
59.4137,93.7441
3.35399
WEDGE
59.4137,96.2596
64.4447,98.7751
3.35399
ENTER
WEDGE
62.2888,98.7751
59.4137,101.291
1.43719
ENTER
WEDGE
62.2888,98.7751
64.4447,101.291
1.43719
ENTER
BOX
59.3466,96.2596
59.4137,98.7751
3.35399
WEDGE
59.4137,101.291
64.4447,103.806
3.35399
ENTER
WEDGE
62.2888,103.806
59.4137,106.322
1.43719
ENTER
WEDGE
62.2888,103.806
64.4447,106.322
1.43719
ENTER
BOX
59.3466,101.291
59.4137,103.806
3.35399
WEDGE
59.4137,106.322
64.4447,108.837
3.35399
ENTER
WEDGE
62.2888,108.837
59.4137,111.353
1.43719
ENTER
WEDGE
62.2888,108.837
64.4447,111.353
1.43719
ENTER
BOX
59.3466,106.322
59.4137,108.837
3.35399
WEDGE
59.4137,111.353
64.4447,113.868
3.35399
ENTER
WEDGE
62.2888,113.868
59.4137,116.384
1.43719
ENTER
WEDGE
62.2888,113.868
64.4447,116.384
1.43719
ENTER
BOX
59.3466,111.353
59.4137,113.868
3.35399
WEDGE
59.4137,116.384
64.4447,118.899
3.35399
ENTER
WEDGE
62.2888,118.899
59.4137,121.415
1.43719
ENTER
WEDGE
62.2888,118.899
64.4447,121.415
1.43719
ENTER
BOX
59.3466,116.384
59.4137,118.899
3.35399
WEDGE
59.4137,121.415
64.4447,123.93
3.35399
ENTER
WEDGE
62.2888,123.93
59.4137,126.446
1.43719
ENTER
WEDGE
62.2888,123.93
64.4447,126.446
1.43719
ENTER
BOX
59.3466,121.415
59.4137,123.93
3.35399
WEDGE
59.4137,126.446
64.4447,128.961
3.35399
ENTER
WEDGE
62.2888,128.961
59.4137,131.476
1.43719
ENTER
WEDGE
62.2888,128.961
64.4447,131.476
1.43719
ENTER
BOX
59.3466,126.446
59.4137,128.961
3.35399
WEDGE
59.4137,131.476
64.4447,133.992
3.35399
ENTER
WEDGE
62.2888,133.992
59.4137,136.507
1.43719
ENTER
WEDGE
62.2888,133.992
64.4447,136.507
1.43719
ENTER
BOX
59.3466,131.476
59.4137,133.992
3.35399
WEDGE
59.4137,136.507
64.4447,139.023
3.35399
ENTER
WEDGE
62.2888,139.023
59.4137,141.538
1.43719
ENTER
WEDGE
62.2888,139.023
64.4447,141.538
1.43719
ENTER
BOX
59.3466,136.507
59.4137,139.023
3.35399
WEDGE
59.4137,141.538
64.4447,144.054
3.35399
ENTER
WEDGE
62.2888,144.054
59.4137,146.569
1.43719
ENTER
WEDGE
62.2888,144.054
64.4447,146.569
1.43719
ENTER
BOX
59.3466,141.538
59.4137,144.054
3.35399
WEDGE
59.4137,146.569
64.4447,149.085
3.35399
ENTER
WEDGE
62.2888,149.085
59.4137,151.6
1.43719
ENTER
WEDGE
62.2888,149.085
64.4447,151.6
1.43719
ENTER
BOX
59.3466,146.569
59.4137,149.085
3.35399
WEDGE
59.4137,151.6
64.4447,154.116
3.35399
ENTER
WEDGE
62.2888,154.116
59.4137,156.631
1.43719
ENTER
WEDGE
62.2888,154.116
64.4447,156.631
1.43719
ENTER
BOX
59.3466,151.6
59.4137,154.116
3.35399
WEDGE
59.4137,156.631
64.4447,159.147
3.35399
ENTER
WEDGE
62.2888,159.147
59.4137,161.662
1.43719
ENTER
WEDGE
62.2888,159.147
64.4447,161.662
1.43719
ENTER
BOX
59.3466,156.631
59.4137,159.147
3.35399
WEDGE
59.4137,161.662
64.4447,164.178
3.35399
ENTER
WEDGE
62.2888,164.178
59.4137,166.693
1.43719
ENTER
WEDGE
62.2888,164.178
64.4447,166.693
1.43719
ENTER
BOX
59.3466,161.662
59.4137,164.178
3.35399
WEDGE
59.4137,166.693
64.4447,169.209
3.35399
ENTER
WEDGE
62.2888,169.209
59.4137,171.724
1.43719
ENTER
WEDGE
62.2888,169.209
64.4447,171.724
1.43719
ENTER
BOX
59.3466,166.693
59.4137,169.209
3.35399
WEDGE
59.4137,171.724
64.4447,174.24
3.35399
ENTER
WEDGE
62.2888,174.24
59.4137,176.755
1.43719
ENTER
WEDGE
62.2888,174.24
64.4447,176.755
1.43719
ENTER
BOX
59.3466,171.724
59.4137,174.24
3.35399
WEDGE
59.4137,176.755
64.4447,179.271
3.35399
ENTER
WEDGE
62.2888,179.271
59.4137,181.786
1.43719
ENTER
WEDGE
62.2888,179.271
64.4447,181.786
1.43719
ENTER
BOX
59.3466,176.755
59.4137,179.271
3.35399
WEDGE
59.4137,181.786
64.4447,184.302
3.35399
ENTER
WEDGE
62.2888,184.302
59.4137,186.817
1.43719
ENTER
WEDGE
62.2888,184.302
64.4447,186.817
1.43719
ENTER
BOX
59.3466,181.786
59.4137,184.302
3.35399
WEDGE
59.4137,186.817
64.4447,189.333
3.35399
ENTER
WEDGE
62.2888,189.333
59.4137,191.848
1.43719
ENTER
WEDGE
62.2888,189.333
64.4447,191.848
1.43719
ENTER
BOX
59.3466,186.817
59.4137,189.333
3.35399
WEDGE
59.4137,191.848
64.4447,194.364
3.35399
ENTER
WEDGE
62.2888,194.364
59.4137,196.879
1.43719
ENTER
WEDGE
62.2888,194.364
64.4447,196.879
1.43719
ENTER
BOX
59.3466,191.848
59.4137,194.364
3.35399
WEDGE
0,3.43364,3.43364
-3.43364,6.86727,3.43364
-3.43364
ENTER
WEDGE
0,10.3009,3.43364
-3.43364,13.7345,3.43364
-3.43364
ENTER
WEDGE
0,17.1682,3.43364
-3.43364,20.6018,3.43364
-3.43364
ENTER
WEDGE
0,24.0355,3.43364
-3.43364,27.4691,3.43364
-3.43364
ENTER
WEDGE
0,30.9027,3.43364
-3.43364,34.3364,3.43364
-3.43364
ENTER
WEDGE
0,37.77,3.43364
-3.43364,41.2036,3.43364
-3.43364
ENTER
WEDGE
0,44.6373,3.43364
-3.43364,48.0709,3.43364
-3.43364
ENTER
WEDGE
0,51.5045,3.43364
-3.43364,54.9382,3.43364
-3.43364
ENTER
WEDGE
0,58.3718,3.43364
-3.43364,61.8055,3.43364
-3.43364
ENTER
WEDGE
0,65.2391,3.43364
-3.43364,68.6727,3.43364
-3.43364
ENTER
WEDGE
0,72.1064,3.43364
-3.43364,75.54,3.43364
-3.43364
ENTER
WEDGE
0,78.9736,3.43364
-3.43364,82.4073,3.43364
-3.43364
ENTER
WEDGE
0,85.8409,3.43364
-3.43364,89.2745,3.43364
-3.43364
ENTER
WEDGE
0,92.7082,3.43364
-3.43364,96.1418,3.43364
-3.43364
ENTER
WEDGE
0,99.5755,3.43364
-3.43364,103.009,3.43364
-3.43364
ENTER
WEDGE
0,106.443,3.43364
-3.43364,109.876,3.43364
-3.43364
ENTER
WEDGE
0,113.31,3.43364
-3.43364,116.744,3.43364
-3.43364
ENTER
WEDGE
0,120.177,3.43364
-3.43364,123.611,3.43364
-3.43364
ENTER
WEDGE
0,127.045,3.43364
-3.43364,130.478,3.43364
-3.43364
ENTER
WEDGE
0,133.912,3.43364
-3.43364,137.345,3.43364
-3.43364
ENTER
WEDGE
0,140.779,3.43364
-3.43364,144.213,3.43364
-3.43364
ENTER
WEDGE
0,147.646,3.43364
-3.43364,151.08,3.43364
-3.43364
ENTER
WEDGE
0,154.514,3.43364
-3.43364,157.947,3.43364
-3.43364
ENTER
WEDGE
0,161.381,3.43364
-3.43364,164.815,3.43364
-3.43364
ENTER
WEDGE
0,168.248,3.43364
-3.43364,171.682,3.43364
-3.43364
ENTER
WEDGE
0,175.115,3.43364
-3.43364,178.549,3.43364
-3.43364
ENTER
WEDGE
0,181.983,3.43364
-3.43364,185.416,3.43364
-3.43364
ENTER
WEDGE
0,188.85,3.43364
-3.43364,192.284,3.43364
-3.43364
ENTER
BOX
0,0
59.4137,200
-3
ENTER
WEDGE
-50,0
0,200
30
ENTER
BOX
59.4137,0
64.4447,200
-3
ENTER
BOX
62.7677,0
64.4447,200
-10
ENTER
BOX
0,0
-50,200
-3
ENTER
-TEXT
-26,15,25
7
90
Name : shehab
ENTER
-TEXT
-15,15,25
7
90
Std id : 108
ENTER