WEDGE
42.4659,0.433034
45.7136,2.05691
2.16517
ENTER
WEDGE
44.3218,2.05691
42.4659,3.68079
0.927776
ENTER
WEDGE
44.3218,2.05691
45.7136,3.68079
0.927776
ENTER
BOX
42.4225,0.433034
42.4659,2.05691
2.16517
WEDGE
42.4659,3.68079
45.7136,5.30467
2.16517
ENTER
WEDGE
44.3218,5.30467
42.4659,6.92855
0.927776
ENTER
WEDGE
44.3218,5.30467
45.7136,6.92855
0.927776
ENTER
BOX
42.4225,3.68079
42.4659,5.30467
2.16517
WEDGE
42.4659,6.92855
45.7136,8.55242
2.16517
ENTER
WEDGE
44.3218,8.55242
42.4659,10.1763
0.927776
ENTER
WEDGE
44.3218,8.55242
45.7136,10.1763
0.927776
ENTER
BOX
42.4225,6.92855
42.4659,8.55242
2.16517
WEDGE
42.4659,10.1763
45.7136,11.8002
2.16517
ENTER
WEDGE
44.3218,11.8002
42.4659,13.4241
0.927776
ENTER
WEDGE
44.3218,11.8002
45.7136,13.4241
0.927776
ENTER
BOX
42.4225,10.1763
42.4659,11.8002
2.16517
WEDGE
42.4659,13.4241
45.7136,15.0479
2.16517
ENTER
WEDGE
44.3218,15.0479
42.4659,16.6718
0.927776
ENTER
WEDGE
44.3218,15.0479
45.7136,16.6718
0.927776
ENTER
BOX
42.4225,13.4241
42.4659,15.0479
2.16517
WEDGE
42.4659,16.6718
45.7136,18.2957
2.16517
ENTER
WEDGE
44.3218,18.2957
42.4659,19.9196
0.927776
ENTER
WEDGE
44.3218,18.2957
45.7136,19.9196
0.927776
ENTER
BOX
42.4225,16.6718
42.4659,18.2957
2.16517
WEDGE
42.4659,19.9196
45.7136,21.5434
2.16517
ENTER
WEDGE
44.3218,21.5434
42.4659,23.1673
0.927776
ENTER
WEDGE
44.3218,21.5434
45.7136,23.1673
0.927776
ENTER
BOX
42.4225,19.9196
42.4659,21.5434
2.16517
WEDGE
42.4659,23.1673
45.7136,24.7912
2.16517
ENTER
WEDGE
44.3218,24.7912
42.4659,26.4151
0.927776
ENTER
WEDGE
44.3218,24.7912
45.7136,26.4151
0.927776
ENTER
BOX
42.4225,23.1673
42.4659,24.7912
2.16517
WEDGE
42.4659,26.4151
45.7136,28.039
2.16517
ENTER
WEDGE
44.3218,28.039
42.4659,29.6628
0.927776
ENTER
WEDGE
44.3218,28.039
45.7136,29.6628
0.927776
ENTER
BOX
42.4225,26.4151
42.4659,28.039
2.16517
WEDGE
42.4659,29.6628
45.7136,31.2867
2.16517
ENTER
WEDGE
44.3218,31.2867
42.4659,32.9106
0.927776
ENTER
WEDGE
44.3218,31.2867
45.7136,32.9106
0.927776
ENTER
BOX
42.4225,29.6628
42.4659,31.2867
2.16517
WEDGE
42.4659,32.9106
45.7136,34.5345
2.16517
ENTER
WEDGE
44.3218,34.5345
42.4659,36.1584
0.927776
ENTER
WEDGE
44.3218,34.5345
45.7136,36.1584
0.927776
ENTER
BOX
42.4225,32.9106
42.4659,34.5345
2.16517
WEDGE
42.4659,36.1584
45.7136,37.7822
2.16517
ENTER
WEDGE
44.3218,37.7822
42.4659,39.4061
0.927776
ENTER
WEDGE
44.3218,37.7822
45.7136,39.4061
0.927776
ENTER
BOX
42.4225,36.1584
42.4659,37.7822
2.16517
WEDGE
42.4659,39.4061
45.7136,41.03
2.16517
ENTER
WEDGE
44.3218,41.03
42.4659,42.6539
0.927776
ENTER
WEDGE
44.3218,41.03
45.7136,42.6539
0.927776
ENTER
BOX
42.4225,39.4061
42.4659,41.03
2.16517
WEDGE
42.4659,42.6539
45.7136,44.2777
2.16517
ENTER
WEDGE
44.3218,44.2777
42.4659,45.9016
0.927776
ENTER
WEDGE
44.3218,44.2777
45.7136,45.9016
0.927776
ENTER
BOX
42.4225,42.6539
42.4659,44.2777
2.16517
WEDGE
42.4659,45.9016
45.7136,47.5255
2.16517
ENTER
WEDGE
44.3218,47.5255
42.4659,49.1494
0.927776
ENTER
WEDGE
44.3218,47.5255
45.7136,49.1494
0.927776
ENTER
BOX
42.4225,45.9016
42.4659,47.5255
2.16517
WEDGE
42.4659,49.1494
45.7136,50.7733
2.16517
ENTER
WEDGE
44.3218,50.7733
42.4659,52.3971
0.927776
ENTER
WEDGE
44.3218,50.7733
45.7136,52.3971
0.927776
ENTER
BOX
42.4225,49.1494
42.4659,50.7733
2.16517
WEDGE
42.4659,52.3971
45.7136,54.021
2.16517
ENTER
WEDGE
44.3218,54.021
42.4659,55.6449
0.927776
ENTER
WEDGE
44.3218,54.021
45.7136,55.6449
0.927776
ENTER
BOX
42.4225,52.3971
42.4659,54.021
2.16517
WEDGE
42.4659,55.6449
45.7136,57.2688
2.16517
ENTER
WEDGE
44.3218,57.2688
42.4659,58.8926
0.927776
ENTER
WEDGE
44.3218,57.2688
45.7136,58.8926
0.927776
ENTER
BOX
42.4225,55.6449
42.4659,57.2688
2.16517
WEDGE
42.4659,58.8926
45.7136,60.5165
2.16517
ENTER
WEDGE
44.3218,60.5165
42.4659,62.1404
0.927776
ENTER
WEDGE
44.3218,60.5165
45.7136,62.1404
0.927776
ENTER
BOX
42.4225,58.8926
42.4659,60.5165
2.16517
WEDGE
42.4659,62.1404
45.7136,63.7643
2.16517
ENTER
WEDGE
44.3218,63.7643
42.4659,65.3882
0.927776
ENTER
WEDGE
44.3218,63.7643
45.7136,65.3882
0.927776
ENTER
BOX
42.4225,62.1404
42.4659,63.7643
2.16517
WEDGE
42.4659,65.3882
45.7136,67.012
2.16517
ENTER
WEDGE
44.3218,67.012
42.4659,68.6359
0.927776
ENTER
WEDGE
44.3218,67.012
45.7136,68.6359
0.927776
ENTER
BOX
42.4225,65.3882
42.4659,67.012
2.16517
WEDGE
42.4659,68.6359
45.7136,70.2598
2.16517
ENTER
WEDGE
44.3218,70.2598
42.4659,71.8837
0.927776
ENTER
WEDGE
44.3218,70.2598
45.7136,71.8837
0.927776
ENTER
BOX
42.4225,68.6359
42.4659,70.2598
2.16517
WEDGE
42.4659,71.8837
45.7136,73.5076
2.16517
ENTER
WEDGE
44.3218,73.5076
42.4659,75.1314
0.927776
ENTER
WEDGE
44.3218,73.5076
45.7136,75.1314
0.927776
ENTER
BOX
42.4225,71.8837
42.4659,73.5076
2.16517
WEDGE
42.4659,75.1314
45.7136,76.7553
2.16517
ENTER
WEDGE
44.3218,76.7553
42.4659,78.3792
0.927776
ENTER
WEDGE
44.3218,76.7553
45.7136,78.3792
0.927776
ENTER
BOX
42.4225,75.1314
42.4659,76.7553
2.16517
WEDGE
42.4659,78.3792
45.7136,80.0031
2.16517
ENTER
WEDGE
44.3218,80.0031
42.4659,81.6269
0.927776
ENTER
WEDGE
44.3218,80.0031
45.7136,81.6269
0.927776
ENTER
BOX
42.4225,78.3792
42.4659,80.0031
2.16517
WEDGE
42.4659,81.6269
45.7136,83.2508
2.16517
ENTER
WEDGE
44.3218,83.2508
42.4659,84.8747
0.927776
ENTER
WEDGE
44.3218,83.2508
45.7136,84.8747
0.927776
ENTER
BOX
42.4225,81.6269
42.4659,83.2508
2.16517
WEDGE
42.4659,84.8747
45.7136,86.4986
2.16517
ENTER
WEDGE
44.3218,86.4986
42.4659,88.1224
0.927776
ENTER
WEDGE
44.3218,86.4986
45.7136,88.1224
0.927776
ENTER
BOX
42.4225,84.8747
42.4659,86.4986
2.16517
WEDGE
42.4659,88.1224
45.7136,89.7463
2.16517
ENTER
WEDGE
44.3218,89.7463
42.4659,91.3702
0.927776
ENTER
WEDGE
44.3218,89.7463
45.7136,91.3702
0.927776
ENTER
BOX
42.4225,88.1224
42.4659,89.7463
2.16517
WEDGE
42.4659,91.3702
45.7136,92.9941
2.16517
ENTER
WEDGE
44.3218,92.9941
42.4659,94.618
0.927776
ENTER
WEDGE
44.3218,92.9941
45.7136,94.618
0.927776
ENTER
BOX
42.4225,91.3702
42.4659,92.9941
2.16517
WEDGE
42.4659,94.618
45.7136,96.2418
2.16517
ENTER
WEDGE
44.3218,96.2418
42.4659,97.8657
0.927776
ENTER
WEDGE
44.3218,96.2418
45.7136,97.8657
0.927776
ENTER
BOX
42.4225,94.618
42.4659,96.2418
2.16517
WEDGE
42.4659,97.8657
45.7136,99.4896
2.16517
ENTER
WEDGE
44.3218,99.4896
42.4659,101.113
0.927776
ENTER
WEDGE
44.3218,99.4896
45.7136,101.113
0.927776
ENTER
BOX
42.4225,97.8657
42.4659,99.4896
2.16517
WEDGE
42.4659,101.113
45.7136,102.737
2.16517
ENTER
WEDGE
44.3218,102.737
42.4659,104.361
0.927776
ENTER
WEDGE
44.3218,102.737
45.7136,104.361
0.927776
ENTER
BOX
42.4225,101.113
42.4659,102.737
2.16517
WEDGE
42.4659,104.361
45.7136,105.985
2.16517
ENTER
WEDGE
44.3218,105.985
42.4659,107.609
0.927776
ENTER
WEDGE
44.3218,105.985
45.7136,107.609
0.927776
ENTER
BOX
42.4225,104.361
42.4659,105.985
2.16517
WEDGE
42.4659,107.609
45.7136,109.233
2.16517
ENTER
WEDGE
44.3218,109.233
42.4659,110.857
0.927776
ENTER
WEDGE
44.3218,109.233
45.7136,110.857
0.927776
ENTER
BOX
42.4225,107.609
42.4659,109.233
2.16517
WEDGE
42.4659,110.857
45.7136,112.481
2.16517
ENTER
WEDGE
44.3218,112.481
42.4659,114.105
0.927776
ENTER
WEDGE
44.3218,112.481
45.7136,114.105
0.927776
ENTER
BOX
42.4225,110.857
42.4659,112.481
2.16517
WEDGE
42.4659,114.105
45.7136,115.728
2.16517
ENTER
WEDGE
44.3218,115.728
42.4659,117.352
0.927776
ENTER
WEDGE
44.3218,115.728
45.7136,117.352
0.927776
ENTER
BOX
42.4225,114.105
42.4659,115.728
2.16517
WEDGE
42.4659,117.352
45.7136,118.976
2.16517
ENTER
WEDGE
44.3218,118.976
42.4659,120.6
0.927776
ENTER
WEDGE
44.3218,118.976
45.7136,120.6
0.927776
ENTER
BOX
42.4225,117.352
42.4659,118.976
2.16517
WEDGE
42.4659,120.6
45.7136,122.224
2.16517
ENTER
WEDGE
44.3218,122.224
42.4659,123.848
0.927776
ENTER
WEDGE
44.3218,122.224
45.7136,123.848
0.927776
ENTER
BOX
42.4225,120.6
42.4659,122.224
2.16517
WEDGE
42.4659,123.848
45.7136,125.472
2.16517
ENTER
WEDGE
44.3218,125.472
42.4659,127.096
0.927776
ENTER
WEDGE
44.3218,125.472
45.7136,127.096
0.927776
ENTER
BOX
42.4225,123.848
42.4659,125.472
2.16517
WEDGE
42.4659,127.096
45.7136,128.719
2.16517
ENTER
WEDGE
44.3218,128.719
42.4659,130.343
0.927776
ENTER
WEDGE
44.3218,128.719
45.7136,130.343
0.927776
ENTER
BOX
42.4225,127.096
42.4659,128.719
2.16517
WEDGE
42.4659,130.343
45.7136,131.967
2.16517
ENTER
WEDGE
44.3218,131.967
42.4659,133.591
0.927776
ENTER
WEDGE
44.3218,131.967
45.7136,133.591
0.927776
ENTER
BOX
42.4225,130.343
42.4659,131.967
2.16517
WEDGE
42.4659,133.591
45.7136,135.215
2.16517
ENTER
WEDGE
44.3218,135.215
42.4659,136.839
0.927776
ENTER
WEDGE
44.3218,135.215
45.7136,136.839
0.927776
ENTER
BOX
42.4225,133.591
42.4659,135.215
2.16517
WEDGE
42.4659,136.839
45.7136,138.463
2.16517
ENTER
WEDGE
44.3218,138.463
42.4659,140.087
0.927776
ENTER
WEDGE
44.3218,138.463
45.7136,140.087
0.927776
ENTER
BOX
42.4225,136.839
42.4659,138.463
2.16517
WEDGE
42.4659,140.087
45.7136,141.71
2.16517
ENTER
WEDGE
44.3218,141.71
42.4659,143.334
0.927776
ENTER
WEDGE
44.3218,141.71
45.7136,143.334
0.927776
ENTER
BOX
42.4225,140.087
42.4659,141.71
2.16517
WEDGE
42.4659,143.334
45.7136,144.958
2.16517
ENTER
WEDGE
44.3218,144.958
42.4659,146.582
0.927776
ENTER
WEDGE
44.3218,144.958
45.7136,146.582
0.927776
ENTER
BOX
42.4225,143.334
42.4659,144.958
2.16517
WEDGE
42.4659,146.582
45.7136,148.206
2.16517
ENTER
WEDGE
44.3218,148.206
42.4659,149.83
0.927776
ENTER
WEDGE
44.3218,148.206
45.7136,149.83
0.927776
ENTER
BOX
42.4225,146.582
42.4659,148.206
2.16517
WEDGE
42.4659,149.83
45.7136,151.454
2.16517
ENTER
WEDGE
44.3218,151.454
42.4659,153.078
0.927776
ENTER
WEDGE
44.3218,151.454
45.7136,153.078
0.927776
ENTER
BOX
42.4225,149.83
42.4659,151.454
2.16517
WEDGE
42.4659,153.078
45.7136,154.701
2.16517
ENTER
WEDGE
44.3218,154.701
42.4659,156.325
0.927776
ENTER
WEDGE
44.3218,154.701
45.7136,156.325
0.927776
ENTER
BOX
42.4225,153.078
42.4659,154.701
2.16517
WEDGE
42.4659,156.325
45.7136,157.949
2.16517
ENTER
WEDGE
44.3218,157.949
42.4659,159.573
0.927776
ENTER
WEDGE
44.3218,157.949
45.7136,159.573
0.927776
ENTER
BOX
42.4225,156.325
42.4659,157.949
2.16517
WEDGE
42.4659,159.573
45.7136,161.197
2.16517
ENTER
WEDGE
44.3218,161.197
42.4659,162.821
0.927776
ENTER
WEDGE
44.3218,161.197
45.7136,162.821
0.927776
ENTER
BOX
42.4225,159.573
42.4659,161.197
2.16517
WEDGE
42.4659,162.821
45.7136,164.445
2.16517
ENTER
WEDGE
44.3218,164.445
42.4659,166.069
0.927776
ENTER
WEDGE
44.3218,164.445
45.7136,166.069
0.927776
ENTER
BOX
42.4225,162.821
42.4659,164.445
2.16517
WEDGE
42.4659,166.069
45.7136,167.692
2.16517
ENTER
WEDGE
44.3218,167.692
42.4659,169.316
0.927776
ENTER
WEDGE
44.3218,167.692
45.7136,169.316
0.927776
ENTER
BOX
42.4225,166.069
42.4659,167.692
2.16517
WEDGE
42.4659,169.316
45.7136,170.94
2.16517
ENTER
WEDGE
44.3218,170.94
42.4659,172.564
0.927776
ENTER
WEDGE
44.3218,170.94
45.7136,172.564
0.927776
ENTER
BOX
42.4225,169.316
42.4659,170.94
2.16517
WEDGE
42.4659,172.564
45.7136,174.188
2.16517
ENTER
WEDGE
44.3218,174.188
42.4659,175.812
0.927776
ENTER
WEDGE
44.3218,174.188
45.7136,175.812
0.927776
ENTER
BOX
42.4225,172.564
42.4659,174.188
2.16517
WEDGE
42.4659,175.812
45.7136,177.436
2.16517
ENTER
WEDGE
44.3218,177.436
42.4659,179.06
0.927776
ENTER
WEDGE
44.3218,177.436
45.7136,179.06
0.927776
ENTER
BOX
42.4225,175.812
42.4659,177.436
2.16517
WEDGE
42.4659,179.06
45.7136,180.683
2.16517
ENTER
WEDGE
44.3218,180.683
42.4659,182.307
0.927776
ENTER
WEDGE
44.3218,180.683
45.7136,182.307
0.927776
ENTER
BOX
42.4225,179.06
42.4659,180.683
2.16517
WEDGE
42.4659,182.307
45.7136,183.931
2.16517
ENTER
WEDGE
44.3218,183.931
42.4659,185.555
0.927776
ENTER
WEDGE
44.3218,183.931
45.7136,185.555
0.927776
ENTER
BOX
42.4225,182.307
42.4659,183.931
2.16517
WEDGE
42.4659,185.555
45.7136,187.179
2.16517
ENTER
WEDGE
44.3218,187.179
42.4659,188.803
0.927776
ENTER
WEDGE
44.3218,187.179
45.7136,188.803
0.927776
ENTER
BOX
42.4225,185.555
42.4659,187.179
2.16517
WEDGE
42.4659,188.803
45.7136,190.427
2.16517
ENTER
WEDGE
44.3218,190.427
42.4659,192.051
0.927776
ENTER
WEDGE
44.3218,190.427
45.7136,192.051
0.927776
ENTER
BOX
42.4225,188.803
42.4659,190.427
2.16517
WEDGE
42.4659,192.051
45.7136,193.675
2.16517
ENTER
WEDGE
44.3218,193.675
42.4659,195.298
0.927776
ENTER
WEDGE
44.3218,193.675
45.7136,195.298
0.927776
ENTER
BOX
42.4225,192.051
42.4659,193.675
2.16517
WEDGE
42.4659,195.298
45.7136,196.922
2.16517
ENTER
WEDGE
44.3218,196.922
42.4659,198.546
0.927776
ENTER
WEDGE
44.3218,196.922
45.7136,198.546
0.927776
ENTER
BOX
42.4225,195.298
42.4659,196.922
2.16517
WEDGE
0,6.32417,6.32417
-6.32417,12.6483,6.32417
-6.32417
ENTER
WEDGE
0,18.9725,6.32417
-6.32417,25.2967,6.32417
-6.32417
ENTER
WEDGE
0,31.6208,6.32417
-6.32417,37.945,6.32417
-6.32417
ENTER
WEDGE
0,44.2692,6.32417
-6.32417,50.5933,6.32417
-6.32417
ENTER
WEDGE
0,56.9175,6.32417
-6.32417,63.2417,6.32417
-6.32417
ENTER
WEDGE
0,69.5658,6.32417
-6.32417,75.89,6.32417
-6.32417
ENTER
WEDGE
0,82.2142,6.32417
-6.32417,88.5383,6.32417
-6.32417
ENTER
WEDGE
0,94.8625,6.32417
-6.32417,101.187,6.32417
-6.32417
ENTER
WEDGE
0,107.511,6.32417
-6.32417,113.835,6.32417
-6.32417
ENTER
WEDGE
0,120.159,6.32417
-6.32417,126.483,6.32417
-6.32417
ENTER
WEDGE
0,132.807,6.32417
-6.32417,139.132,6.32417
-6.32417
ENTER
WEDGE
0,145.456,6.32417
-6.32417,151.78,6.32417
-6.32417
ENTER
WEDGE
0,158.104,6.32417
-6.32417,164.428,6.32417
-6.32417
ENTER
WEDGE
0,170.753,6.32417
-6.32417,177.077,6.32417
-6.32417
ENTER
BOX
0,0
42.4659,200
-3
ENTER
WEDGE
-50,0
0,200
30
ENTER
BOX
42.4659,0
45.7136,200
-3
ENTER
BOX
44.631,0
45.7136,200
-10
ENTER
BOX
0,0
-50,200
-3
ENTER
-TEXT
-26,15,25
7
90
Name : dfgdg
ENTER
-TEXT
-15,15,25
7
90
Std id : 2.21654e+06
ENTER